1.000000000000000000e+00
2.367039365108475901e-01
2.620247692672881289e-18
0.000000000000000000e+00
0.000000000000000000e+00
3.840559210685773328e-02
3.840559210685773328e-02
2.367039365108475901e-01
1.000000000000000000e+00
-9.539988734485852166e-18
0.000000000000000000e+00
0.000000000000000000e+00
3.861387914947657096e-01
3.861387914947657096e-01
2.620247692672881289e-18
-9.539988734485852166e-18
9.999999999999997780e-01
0.000000000000000000e+00
0.000000000000000000e+00
2.097269216146882276e-01
2.097269216146882276e-01
0.000000000000000000e+00
0.000000000000000000e+00
0.000000000000000000e+00
9.999999999999998890e-01
0.000000000000000000e+00
0.000000000000000000e+00
0.000000000000000000e+00
0.000000000000000000e+00
0.000000000000000000e+00
0.000000000000000000e+00
0.000000000000000000e+00
9.999999999999998890e-01
-2.684382183663337473e-01
2.684382183663337473e-01
3.840559210685773328e-02
3.861387914947657096e-01
2.097269216146882276e-01
0.000000000000000000e+00
-2.684382183663337473e-01
1.000000000000000000e+00
1.817598495585268925e-01
3.840559210685773328e-02
3.861387914947657096e-01
2.097269216146882276e-01
0.000000000000000000e+00
2.684382183663337473e-01
1.817598495585268925e-01
1.000000000000000000e+00
