-9.944345934680126620e-01
-2.391590385286088138e-01
2.421261169327717462e-16
-9.368366603883220012e-02
1.263500436607645182e-17
1.116391360223387835e-01
-1.886496490709421259e-16
-2.409702712413199638e-02
8.857366612712395115e-01
-1.402609781080898561e-15
4.795892527592267029e-01
-7.096580009339255414e-17
-6.695751721605563977e-01
1.071931250371236974e-15
-3.161549753817178426e-03
8.589543246238605378e-02
1.106089198471207622e-15
-7.474263078090230827e-01
5.700471124727523410e-16
-7.384938224861220535e-01
1.348904493562396125e-15
8.170386441495973263e-17
-7.799843076958927687e-18
-1.468968166730252819e-15
-3.783277869823002002e-16
-9.999999999999998890e-01
1.361413863403339180e-16
-2.494086341620642484e-16
3.569773694220657366e-17
7.691803451667913206e-17
6.072888341446425198e-01
6.009388900906527018e-16
-7.960333255277195787e-16
-1.463532927335678109e-15
-9.192315977976098784e-01
4.593739283430310801e-03
1.440387123891213317e-01
-4.529945625939635900e-01
-3.294764094764270346e-01
6.816818240393717640e-16
7.098472040965176921e-01
-7.324625844797005847e-01
4.593739283429551859e-03
1.440387123891213594e-01
4.529945625939658105e-01
-3.294764094764248696e-01
-6.795486306214191811e-16
7.098472040965191354e-01
7.324625844796986973e-01
