-2.025460099082224374e+01
-5.163780323653483606e+00
-2.547949899621489156e-02
6.967222279044163740e-17
-1.065120214249759655e-16
-8.533420368091515495e-01
-8.533420368091517716e-01
-5.163780323653484494e+00
-2.410679871712254840e+00
-7.438808090117471350e-02
1.181459994558583567e-17
5.134781488891349246e-17
-8.015371067678296324e-01
-8.015371067678294104e-01
-2.547949899621490197e-02
-7.438808090117471350e-02
-2.755313757523346618e-01
1.073155673509022649e-16
-1.380839886877538595e-16
-3.246814009023897829e-01
-3.246814009023897274e-01
6.967222279044162508e-17
1.181459994558582181e-17
1.073155673509022649e-16
-3.875873712000746929e-01
4.866816363109513286e-17
-3.424109110708150625e-17
-1.185706636661512879e-17
-1.039966723848095902e-16
7.494005416219807141e-17
-1.477984401532239694e-16
4.866816363109513286e-17
-2.336435463834856674e-01
3.577853283199020629e-01
-3.577853283199020074e-01
-8.533420368091515495e-01
-8.015371067678294104e-01
-3.246814009023897274e-01
-3.424109110708150009e-17
3.577853283199020629e-01
-4.182075145993180976e-01
-2.522918111519548146e-01
-8.533420368091517716e-01
-8.015371067678294104e-01
-3.246814009023897274e-01
-1.185706636661512417e-17
-3.577853283199019518e-01
-2.522918111519547590e-01
-4.182075145993172649e-01
