1.054873835678293625e+00
-2.327986903185031431e-01
5.262292201187911828e-02
6.875212781252343845e-17
3.563055606206162764e-16
-8.149775309633844333e-03
-8.149775309634652715e-03
-2.327986903185031431e-01
1.015115951198288791e+00
-2.823007069368628219e-01
-1.443748836359816689e-16
-1.253172359985787022e-16
-3.054367227735235724e-02
-3.054367227735230172e-02
5.262292201187911828e-02
-2.823007069368628219e-01
5.660341063197805722e-01
1.656726902805990535e-16
1.651452351353280790e-16
2.586170804018247393e-01
2.586170804018245728e-01
6.875212781252343845e-17
-1.443748836359816689e-16
1.656726902805990535e-16
1.000000000000000000e+00
1.056746097868529957e-16
-1.032981463310415649e-16
1.000449100062488611e-16
3.563055606206162764e-16
-1.253172359985788008e-16
1.651452351353280790e-16
1.056746097868529957e-16
3.687997280767598141e-01
-2.750985397915504116e-01
2.750985397915508002e-01
-8.149775309633844333e-03
-3.054367227735236764e-02
2.586170804018247393e-01
-1.032981463310415649e-16
-2.750985397915504116e-01
3.345270312484912023e-01
-7.588111623090132429e-02
-8.149775309634649245e-03
-3.054367227735230172e-02
2.586170804018246283e-01
1.000449100062488611e-16
2.750985397915508557e-01
-7.588111623090129654e-02
3.345270312484914799e-01
